multiplicand,multiplier,result,ovr
0000000110010010,0000000000000000,0000000000000000,0
0000000110010010,0000000000000001,0000000000000011,0
0000000110010010,0000000000000011,0000000000001001,0
0000000110010010,0000000000000111,0000000000010101,0
0000000110010010,0000000000001111,0000000000101111,0
0000000110010010,0000000000011111,0000000001100001,0
0000000110010010,0000000000111111,0000000011000101,0
0000000110010010,0000000001111111,0000000110001110,0
0000000110010010,0000000011111111,0000001100100000,0
0000000110010010,0000000111111111,0000011001000100,0
0000000110010010,0000001111111111,0000110010001100,0
0000000110010010,0000011111111111,0001100100011100,0
0000000110010010,0000111111111111,0011001000111100,0
0000000110010010,0001111111111111,0110010001111100,0
0000000110010010,0011111111111111,0100100011111100,1
0000000110010010,1000000010011110,1000000111110000,0
1000000110010010,1000000010011110,0000000111110000,0
0000000100000000,0000000100000000,0000001000000000,0
